8 1135 0.14694452285766602
-2 224 133 183 197 128 226 173 
224 -2 203 183 119 185 182 120 
133 203 -2 156 161 201 226 152 
183 183 156 -2 224 174 151 207 
197 119 161 224 -2 207 202 171 
128 185 201 174 207 -2 127 159 
226 182 226 151 202 127 -2 175 
173 120 152 207 171 159 175 -2 

7 647 0.020029067993164062
-2 125 83 103 113 92 148 
125 -2 148 149 97 89 87 
83 148 -2 96 123 87 81 
103 149 96 -2 130 106 86 
113 97 123 130 -2 127 129 
92 89 87 106 127 -2 83 
148 87 81 86 129 83 -2 

8 816 0.14507436752319336
-2 126 133 84 84 80 122 95 
126 -2 131 156 115 126 100 144 
133 131 -2 147 103 144 100 141 
84 156 147 -2 111 114 113 144 
84 115 103 111 -2 100 151 135 
80 126 144 114 100 -2 85 141 
122 100 100 113 151 85 -2 89 
95 144 141 144 135 141 89 -2 

7 813 0.018130779266357422
-2 159 179 181 101 99 97 
159 -2 125 133 95 160 180 
179 125 -2 171 160 173 96 
181 133 171 -2 152 176 121 
101 95 160 152 -2 184 184 
99 160 173 176 184 -2 146 
97 180 96 121 184 146 -2 

9 880 1.253432035446167
-2 143 160 151 161 140 98 97 88 
143 -2 97 153 117 132 145 167 162 
160 97 -2 116 158 106 134 162 107 
151 153 116 -2 95 120 158 98 130 
161 117 158 95 -2 99 108 126 143 
140 132 106 120 99 -2 85 135 91 
98 145 134 158 108 85 -2 90 140 
97 167 162 98 126 135 90 -2 168 
88 162 107 130 143 91 140 168 -2 

7 615 0.018379688262939453
-2 130 97 98 111 119 80 
130 -2 126 81 85 69 71 
97 126 -2 106 103 129 100 
98 81 106 -2 105 125 132 
111 85 103 105 -2 127 104 
119 69 129 125 127 -2 80 
80 71 100 132 104 80 -2 

12 1723 1603.7463438510895
-2 143 251 205 184 248 188 185 248 149 194 131 
143 -2 146 139 217 199 136 187 137 219 219 247 
251 146 -2 185 145 246 131 137 235 180 194 133 
205 139 185 -2 241 216 147 200 173 200 205 154 
184 217 145 241 -2 183 217 184 233 218 238 130 
248 199 246 216 183 -2 218 127 199 160 163 233 
188 136 131 147 217 218 -2 207 250 127 252 238 
185 187 137 200 184 127 207 -2 165 251 150 215 
248 137 235 173 233 199 250 165 -2 234 208 128 
149 219 180 200 218 160 127 251 234 -2 243 215 
194 219 194 205 238 163 252 150 208 243 -2 217 
131 247 133 154 130 233 238 215 128 215 217 -2 

7 1025 0.01870441436767578
-2 143 230 155 237 232 176 
143 -2 142 193 158 138 145 
230 142 -2 150 163 237 131 
155 193 150 -2 149 155 222 
237 158 163 149 -2 165 143 
232 138 237 155 165 -2 219 
176 145 131 222 143 219 -2 

10 1209 12.670308113098145
-2 204 180 151 162 127 148 193 192 193 
204 -2 128 127 183 197 117 111 108 104 
180 128 -2 201 193 144 178 110 182 198 
151 127 201 -2 137 121 166 132 126 174 
162 183 193 137 -2 193 148 202 120 111 
127 197 144 121 193 -2 148 183 153 179 
148 117 178 166 148 148 -2 177 108 185 
193 111 110 132 202 183 177 -2 156 116 
192 108 182 126 120 153 108 156 -2 135 
193 104 198 174 111 179 185 116 135 -2 

7 1038 0.018573284149169922
-2 181 177 206 225 174 134 
181 -2 236 167 152 186 175 
177 236 -2 158 154 159 129 
206 167 158 -2 130 153 221 
225 152 154 130 -2 244 158 
174 186 159 153 244 -2 205 
134 175 129 221 158 205 -2 

11 1509 134.11761569976807
-2 233 164 198 210 207 157 166 149 180 170 
233 -2 185 148 141 157 190 194 179 202 207 
164 185 -2 121 178 131 187 212 177 144 195 
198 148 121 -2 170 188 188 208 193 171 212 
210 141 178 170 -2 121 194 170 144 200 175 
207 157 131 188 121 -2 170 186 123 159 166 
157 190 187 188 194 170 -2 188 142 150 122 
166 194 212 208 170 186 188 -2 121 142 141 
149 179 177 193 144 123 142 121 -2 220 205 
180 202 144 171 200 159 150 142 220 -2 191 
170 207 195 212 175 166 122 141 205 191 -2 

7 660 0.018852949142456055
-2 109 108 84 82 131 100 
109 -2 121 86 87 122 108 
108 121 -2 113 100 114 84 
84 86 113 -2 119 137 139 
82 87 100 119 -2 115 125 
131 122 114 137 115 -2 102 
100 108 84 139 125 102 -2 

8 1212 0.14592504501342773
-2 159 232 236 168 138 181 253 
159 -2 173 192 128 226 195 156 
232 173 -2 242 179 149 140 244 
236 192 242 -2 227 146 209 186 
168 128 179 227 -2 148 146 151 
138 226 149 146 148 -2 174 207 
181 195 140 209 146 174 -2 136 
253 156 244 186 151 207 136 -2 

12 1329 1666.874115228653
-2 101 124 107 137 115 108 192 165 114 145 139 
101 -2 134 115 150 110 134 163 115 101 189 151 
124 134 -2 132 179 179 159 102 140 134 191 156 
107 115 132 -2 197 199 127 104 159 182 193 105 
137 150 179 197 -2 151 192 131 129 186 126 117 
115 110 179 199 151 -2 180 159 111 179 140 139 
108 134 159 127 192 180 -2 131 150 123 100 103 
192 163 102 104 131 159 131 -2 156 170 126 110 
165 115 140 159 129 111 150 156 -2 121 142 142 
114 101 134 182 186 179 123 170 121 -2 132 117 
145 189 191 193 126 140 100 126 142 132 -2 164 
139 151 156 105 117 139 103 110 142 117 164 -2 

10 817 12.361511945724487
-2 124 133 115 103 116 99 93 90 98 
124 -2 78 121 105 130 96 115 125 101 
133 78 -2 87 131 84 79 78 112 130 
115 121 87 -2 122 78 68 112 122 117 
103 105 131 122 -2 124 120 112 87 79 
116 130 84 78 124 -2 127 120 113 85 
99 96 79 68 120 127 -2 126 73 120 
93 115 78 112 112 120 126 -2 128 69 
90 125 112 122 87 113 73 128 -2 95 
98 101 130 117 79 85 120 69 95 -2 

7 919 0.018915414810180664
-2 160 114 155 183 122 129 
160 -2 125 186 178 168 147 
114 125 -2 132 181 164 146 
155 186 132 -2 119 182 174 
183 178 181 119 -2 196 130 
122 168 164 182 196 -2 131 
129 147 146 174 130 131 -2 

11 1290 135.6739456653595
-2 147 177 156 181 105 108 173 128 123 102 
147 -2 184 142 179 176 155 161 171 186 106 
177 184 -2 127 118 152 114 117 118 164 151 
156 142 127 -2 128 158 127 172 122 155 106 
181 179 118 128 -2 150 201 192 198 171 109 
105 176 152 158 150 -2 184 142 105 194 162 
108 155 114 127 201 184 -2 136 103 121 166 
173 161 117 172 192 142 136 -2 131 143 201 
128 171 118 122 198 105 103 131 -2 116 124 
123 186 164 155 171 194 121 143 116 -2 175 
102 106 151 106 109 162 166 201 124 175 -2 

12 1644 1573.3533198833466
-2 209 236 202 199 177 133 143 146 157 124 143 
209 -2 139 167 151 121 181 195 129 226 193 134 
236 139 -2 163 157 169 161 199 206 165 178 122 
202 167 163 -2 190 154 153 168 165 200 124 148 
199 151 157 190 -2 234 193 147 127 234 225 131 
177 121 169 154 234 -2 217 155 193 213 224 123 
133 181 161 153 193 217 -2 230 139 203 154 225 
143 195 199 168 147 155 230 -2 134 215 143 161 
146 129 206 165 127 193 139 134 -2 149 182 165 
157 226 165 200 234 213 203 215 149 -2 194 206 
124 193 178 124 225 224 154 143 182 194 -2 136 
143 134 122 148 131 123 225 161 165 206 136 -2 

8 1321 0.14863228797912598
-2 219 133 226 243 240 222 234 
219 -2 210 226 194 239 236 179 
133 210 -2 217 204 238 138 151 
226 226 217 -2 244 160 132 186 
243 194 204 244 -2 151 194 235 
240 239 238 160 151 -2 157 246 
222 236 138 132 194 157 -2 198 
234 179 151 186 235 246 198 -2 

11 933 134.75554156303406
-2 123 126 117 94 99 82 107 119 99 93 
123 -2 100 112 107 79 110 127 113 85 89 
126 100 -2 102 111 99 108 111 89 93 123 
117 112 102 -2 83 77 131 133 114 77 99 
94 107 111 83 -2 112 114 106 83 109 74 
99 79 99 77 112 -2 118 101 120 118 94 
82 110 108 131 114 118 -2 140 83 103 87 
107 127 111 133 106 101 140 -2 118 78 107 
119 113 89 114 83 120 83 118 -2 141 115 
99 85 93 77 109 118 103 78 141 -2 106 
93 89 123 99 74 94 87 107 115 106 -2 

12 1662 1623.286889076233
-2 230 167 172 158 127 217 148 148 165 181 234 
230 -2 175 135 162 146 209 232 146 182 135 240 
167 175 -2 129 221 150 186 131 143 163 149 165 
172 135 129 -2 129 126 157 140 152 157 175 133 
158 162 221 129 -2 234 142 147 193 157 134 191 
127 146 150 126 234 -2 212 179 134 192 146 247 
217 209 186 157 142 212 -2 181 229 158 226 234 
148 232 131 140 147 179 181 -2 229 171 138 142 
148 146 143 152 193 134 229 229 -2 224 145 175 
165 182 163 157 157 192 158 171 224 -2 190 145 
181 135 149 175 134 146 226 138 145 190 -2 234 
234 240 165 133 191 247 234 142 175 145 234 -2 

10 846 12.901556968688965
-2 95 81 121 81 88 99 116 130 117 
95 -2 96 89 74 95 99 136 127 105 
81 96 -2 134 86 110 93 94 86 133 
121 89 134 -2 135 70 125 138 73 104 
81 74 86 135 -2 84 134 96 107 116 
88 95 110 70 84 -2 129 88 74 119 
99 99 93 125 134 129 -2 97 109 91 
116 136 94 138 96 88 97 -2 135 127 
130 127 86 73 107 74 109 135 -2 96 
117 105 133 104 116 119 91 127 96 -2 

7 1075 0.019260883331298828
-2 150 148 136 218 224 203 
150 -2 157 178 209 214 129 
148 157 -2 160 146 171 216 
136 178 160 -2 160 209 175 
218 209 146 160 -2 152 193 
224 214 171 209 152 -2 202 
203 129 216 175 193 202 -2 

12 1340 1639.880434513092
-2 170 148 183 100 139 145 181 149 120 171 184 
170 -2 147 133 193 156 198 101 157 120 118 129 
148 147 -2 177 129 111 124 132 195 194 175 139 
183 133 177 -2 192 103 143 118 136 193 146 119 
100 193 129 192 -2 108 196 180 183 101 171 116 
139 156 111 103 108 -2 121 148 176 140 130 188 
145 198 124 143 196 121 -2 100 183 100 137 143 
181 101 132 118 180 148 100 -2 198 170 183 197 
149 157 195 136 183 176 183 198 -2 130 114 125 
120 120 194 193 101 140 100 170 130 -2 175 169 
171 118 175 146 171 130 137 183 114 175 -2 183 
184 129 139 119 116 188 143 197 125 169 183 -2 

7 879 0.01869797706604004
-2 157 171 121 131 155 98 
157 -2 185 162 143 168 124 
171 185 -2 173 164 111 180 
121 162 173 -2 172 118 176 
131 143 164 172 -2 135 169 
155 168 111 118 135 -2 101 
98 124 180 176 169 101 -2 

8 993 0.1435108184814453
-2 149 137 105 192 155 106 148 
149 -2 135 138 112 195 175 135 
137 135 -2 200 148 140 118 170 
105 138 200 -2 130 179 193 123 
192 112 148 130 -2 204 125 197 
155 195 140 179 204 -2 124 183 
106 175 118 193 125 124 -2 200 
148 135 170 123 197 183 200 -2 

8 1067 0.14883065223693848
-2 142 163 127 129 156 172 139 
142 -2 158 163 184 178 173 184 
163 158 -2 163 132 176 190 168 
127 163 163 -2 108 175 192 149 
129 184 132 108 -2 150 200 128 
156 178 176 175 150 -2 105 126 
172 173 190 192 200 105 -2 123 
139 184 168 149 128 126 123 -2 

7 932 0.019507884979248047
-2 113 149 127 217 165 126 
113 -2 202 192 190 141 157 
149 202 -2 195 145 126 138 
127 192 195 -2 153 160 155 
217 190 145 153 -2 189 145 
165 141 126 160 189 -2 115 
126 157 138 155 145 115 -2 

9 881 1.2974414825439453
-2 115 155 127 127 124 104 112 125 
115 -2 129 134 108 93 109 109 92 
155 129 -2 153 100 146 91 92 120 
127 134 153 -2 114 98 101 127 110 
127 108 100 114 -2 91 86 141 143 
124 93 146 98 91 -2 120 151 85 
104 109 91 101 86 120 -2 142 128 
112 109 92 127 141 151 142 -2 93 
125 92 120 110 143 85 128 93 -2 

7 819 0.01948714256286621
-2 98 148 163 103 185 115 
98 -2 175 171 93 113 119 
148 175 -2 148 155 139 118 
163 171 148 -2 123 138 125 
103 93 155 123 -2 138 182 
185 113 139 138 138 -2 132 
115 119 118 125 182 132 -2 

9 1334 1.2709527015686035
-2 221 211 153 162 221 191 136 177 
221 -2 225 166 161 157 203 140 125 
211 225 -2 223 233 154 177 186 220 
153 166 223 -2 119 209 195 158 185 
162 161 233 119 -2 167 143 218 230 
221 157 154 209 167 -2 152 154 201 
191 203 177 195 143 152 -2 122 229 
136 140 186 158 218 154 122 -2 208 
177 125 220 185 230 201 229 208 -2 

7 886 0.018912553787231445
-2 135 172 111 107 154 189 
135 -2 150 183 174 176 132 
172 150 -2 140 113 150 108 
111 183 140 -2 137 139 180 
107 174 113 137 -2 203 150 
154 176 150 139 203 -2 147 
189 132 108 180 150 147 -2 

10 1004 12.671719789505005
-2 153 94 150 134 124 85 154 141 125 
153 -2 123 146 159 161 128 116 110 160 
94 123 -2 124 115 155 131 159 106 96 
150 146 124 -2 93 93 100 91 118 153 
134 159 115 93 -2 129 161 111 99 131 
124 161 155 93 129 -2 161 148 92 110 
85 128 131 100 161 161 -2 113 107 127 
154 116 159 91 111 148 113 -2 97 110 
141 110 106 118 99 92 107 97 -2 98 
125 160 96 153 131 110 127 110 98 -2 

10 1147 12.642857313156128
-2 162 114 113 99 157 172 104 118 185 
162 -2 165 156 116 99 107 96 106 161 
114 165 -2 118 158 158 175 119 178 138 
113 156 118 -2 172 101 137 133 170 122 
99 116 158 172 -2 127 171 174 128 130 
157 99 158 101 127 -2 161 112 151 116 
172 107 175 137 171 161 -2 187 161 149 
104 96 119 133 174 112 187 -2 138 149 
118 106 178 170 128 151 161 138 -2 175 
185 161 138 122 130 116 149 149 175 -2 

12 1522 1618.909138917923
-2 204 144 162 200 202 156 171 136 138 109 174 
204 -2 192 179 175 202 158 163 203 132 203 148 
144 192 -2 170 172 160 140 116 118 129 133 105 
162 179 170 -2 144 172 161 147 196 121 199 194 
200 175 172 144 -2 196 145 143 106 197 166 161 
202 202 160 172 196 -2 119 144 190 178 181 190 
156 158 140 161 145 119 -2 140 148 147 206 155 
171 163 116 147 143 144 140 -2 141 120 188 186 
136 203 118 196 106 190 148 141 -2 151 189 150 
138 132 129 121 197 178 147 120 151 -2 124 119 
109 203 133 199 166 181 206 188 189 124 -2 132 
174 148 105 194 161 190 155 186 150 119 132 -2 

12 1189 1609.5567870140076
-2 154 114 149 137 91 87 144 158 122 119 90 
154 -2 140 104 122 165 157 163 112 112 116 141 
114 140 -2 155 131 127 145 155 163 97 109 122 
149 104 155 -2 112 164 136 106 87 133 164 159 
137 122 131 112 -2 149 99 140 162 139 85 143 
91 165 127 164 149 -2 88 149 92 131 139 129 
87 157 145 136 99 88 -2 141 131 130 88 164 
144 163 155 106 140 149 141 -2 141 137 101 138 
158 112 163 87 162 92 131 141 -2 157 136 149 
122 112 97 133 139 131 130 137 157 -2 125 146 
119 116 109 164 85 139 88 101 136 125 -2 137 
90 141 122 159 143 129 164 138 149 146 137 -2 

9 1259 1.3059101104736328
-2 123 130 209 212 220 194 221 161 
123 -2 227 232 126 188 229 160 132 
130 227 -2 151 224 131 179 125 177 
209 232 151 -2 181 150 212 174 163 
212 126 224 181 -2 118 189 144 128 
220 188 131 150 118 -2 138 170 134 
194 229 179 212 189 138 -2 176 205 
221 160 125 174 144 170 176 -2 218 
161 132 177 163 128 134 205 218 -2 

7 777 0.018920421600341797
-2 131 160 107 159 156 163 
131 -2 162 138 121 129 126 
160 162 -2 116 146 86 90 
107 138 116 -2 91 136 154 
159 121 146 91 -2 157 157 
156 129 86 136 157 -2 121 
163 126 90 154 157 121 -2 

12 1840 1602.346042394638
-2 215 166 234 201 154 162 190 224 232 152 133 
215 -2 205 180 176 188 244 230 143 178 193 170 
166 205 -2 242 234 189 186 227 230 241 171 129 
234 180 242 -2 136 127 176 225 180 153 211 123 
201 176 234 136 -2 208 232 185 214 165 225 199 
154 188 189 127 208 -2 207 221 229 156 204 174 
162 244 186 176 232 207 -2 220 133 217 235 228 
190 230 227 225 185 221 220 -2 204 183 232 197 
224 143 230 180 214 229 133 204 -2 180 239 158 
232 178 241 153 165 156 217 183 180 -2 215 154 
152 193 171 211 225 204 235 232 239 215 -2 212 
133 170 129 123 199 174 228 197 158 154 212 -2 

11 910 135.96356344223022
-2 114 96 91 101 96 77 91 113 98 118 
114 -2 77 88 104 86 129 86 71 104 122 
96 77 -2 104 107 79 82 107 83 91 107 
91 88 104 -2 130 128 129 114 68 118 99 
101 104 107 130 -2 126 95 129 100 111 124 
96 86 79 128 126 -2 100 119 115 100 89 
77 129 82 129 95 100 -2 108 127 122 118 
91 86 107 114 129 119 108 -2 72 110 71 
113 71 83 68 100 115 127 72 -2 125 75 
98 104 91 118 111 100 122 110 125 -2 76 
118 122 107 99 124 89 118 71 75 76 -2 

11 1243 136.17282009124756
-2 104 170 157 153 177 146 183 171 106 122 
104 -2 171 140 139 140 176 132 126 108 137 
170 171 -2 153 150 97 192 158 166 177 149 
157 140 153 -2 106 121 121 187 116 133 146 
153 139 150 106 -2 106 152 147 161 164 162 
177 140 97 121 106 -2 110 162 190 145 151 
146 176 192 121 152 110 -2 135 106 145 117 
183 132 158 187 147 162 135 -2 144 163 98 
171 126 166 116 161 190 106 144 -2 118 174 
106 108 177 133 164 145 145 163 118 -2 152 
122 137 149 146 162 151 117 98 174 152 -2 

7 868 0.01853632926940918
-2 146 180 150 128 170 119 
146 -2 161 147 106 183 108 
180 161 -2 124 185 135 113 
150 147 124 -2 106 153 164 
128 106 185 106 -2 126 108 
170 183 135 153 126 -2 165 
119 108 113 164 108 165 -2 

8 904 0.14661455154418945
-2 110 104 168 141 178 132 109 
110 -2 129 138 142 117 132 177 
104 129 -2 134 177 152 121 166 
168 138 134 -2 122 157 126 106 
141 142 177 122 -2 161 183 146 
178 117 152 157 161 -2 101 98 
132 132 121 126 183 101 -2 162 
109 177 166 106 146 98 162 -2 

11 1338 131.7010841369629
-2 207 135 194 166 195 167 137 105 128 108 
207 -2 200 171 149 125 163 181 198 176 164 
135 200 -2 112 105 120 161 169 197 135 140 
194 171 112 -2 143 121 197 207 162 203 185 
166 149 105 143 -2 121 125 174 150 109 133 
195 125 120 121 121 -2 127 106 124 105 189 
167 163 161 197 125 127 -2 204 175 207 111 
137 181 169 207 174 106 204 -2 143 140 200 
105 198 197 162 150 124 175 143 -2 153 178 
128 176 135 203 109 105 207 140 153 -2 120 
108 164 140 185 133 189 111 200 178 120 -2 

12 1258 1634.194210767746
-2 112 128 152 134 155 178 145 125 178 123 120 
112 -2 161 92 166 166 169 130 115 123 95 142 
128 161 -2 146 170 176 135 160 181 139 92 130 
152 92 146 -2 96 99 118 140 160 177 170 158 
134 166 170 96 -2 173 105 141 180 126 128 113 
155 166 176 99 173 -2 114 164 104 102 153 143 
178 169 135 118 105 114 -2 129 163 103 135 179 
145 130 160 140 141 164 129 -2 98 179 104 140 
125 115 181 160 180 104 163 98 -2 166 131 171 
178 123 139 177 126 102 103 179 166 -2 168 127 
123 95 92 170 128 153 135 104 131 168 -2 102 
120 142 130 158 113 143 179 140 171 127 102 -2 

7 852 0.018618345260620117
-2 146 128 117 167 161 148 
146 -2 169 173 107 124 147 
128 169 -2 117 101 174 166 
117 173 117 -2 108 152 127 
167 107 101 108 -2 197 136 
161 124 174 152 197 -2 148 
148 147 166 127 136 148 -2 

12 1315 1629.5228905677795
-2 120 193 150 102 152 137 124 185 121 173 190 
120 -2 128 126 167 104 147 153 125 104 167 193 
193 128 -2 144 127 157 111 136 100 192 126 148 
150 126 144 -2 98 170 119 114 176 147 180 100 
102 167 127 98 -2 119 144 160 188 188 159 99 
152 104 157 170 119 -2 102 149 169 142 125 109 
137 147 111 119 144 102 -2 142 149 160 171 130 
124 153 136 114 160 149 142 -2 159 148 139 145 
185 125 100 176 188 169 149 159 -2 99 185 126 
121 104 192 147 188 142 160 148 99 -2 193 114 
173 167 126 180 159 125 171 139 185 193 -2 163 
190 193 148 100 99 109 130 145 126 114 163 -2 

9 911 1.3357582092285156
-2 107 111 87 111 110 150 163 137 
107 -2 139 158 154 107 149 134 126 
111 139 -2 103 166 118 146 132 106 
87 158 103 -2 89 158 132 90 167 
111 154 166 89 -2 160 99 157 87 
110 107 118 158 160 -2 96 105 97 
150 149 146 132 99 96 -2 150 144 
163 134 132 90 157 105 150 -2 164 
137 126 106 167 87 97 144 164 -2 

8 1267 0.14405179023742676
-2 203 151 152 152 180 222 203 
203 -2 152 138 173 153 159 215 
151 152 -2 138 141 132 154 160 
152 138 138 -2 132 230 234 206 
152 173 141 132 -2 154 196 224 
180 153 132 230 154 -2 231 237 
222 159 154 234 196 231 -2 241 
203 215 160 206 224 237 241 -2 

9 918 1.2892076969146729
-2 110 111 144 102 149 102 136 106 
110 -2 115 140 98 121 113 92 124 
111 115 -2 157 140 115 112 158 113 
144 140 157 -2 136 154 159 112 88 
102 98 140 136 -2 121 156 97 96 
149 121 115 154 121 -2 129 149 97 
102 113 112 159 156 129 -2 138 109 
136 92 158 112 97 149 138 -2 125 
106 124 113 88 96 97 109 125 -2 

11 929 140.83149194717407
-2 73 89 95 81 107 132 76 87 137 100 
73 -2 91 133 131 79 99 102 111 137 113 
89 91 -2 137 113 111 115 99 136 88 96 
95 133 137 -2 128 94 129 80 105 89 120 
81 131 113 128 -2 85 117 86 110 117 95 
107 79 111 94 85 -2 125 106 116 96 127 
132 99 115 129 117 125 -2 79 100 72 124 
76 102 99 80 86 106 79 -2 71 125 108 
87 111 136 105 110 116 100 71 -2 132 103 
137 137 88 89 117 96 72 125 132 -2 105 
100 113 96 120 95 127 124 108 103 105 -2 

7 644 0.019181251525878906
-2 91 143 106 101 120 133 
91 -2 110 128 136 135 103 
143 110 -2 79 124 145 91 
106 128 79 -2 123 92 138 
101 136 124 123 -2 87 107 
120 135 145 92 87 -2 78 
133 103 91 138 107 78 -2 

8 684 0.14235925674438477
-2 118 124 101 125 87 134 87 
118 -2 120 122 89 75 128 114 
124 120 -2 99 87 99 87 101 
101 122 99 -2 113 73 137 133 
125 89 87 113 -2 116 75 99 
87 75 99 73 116 -2 73 71 
134 128 87 137 75 73 -2 93 
87 114 101 133 99 71 93 -2 

12 1447 1625.3242318630219
-2 135 132 132 193 108 122 123 151 108 193 185 
135 -2 140 126 139 111 107 139 151 138 133 155 
132 140 -2 130 157 146 131 185 114 121 162 161 
132 126 130 -2 194 182 199 128 120 196 132 139 
193 139 157 194 -2 143 169 185 181 149 207 132 
108 111 146 182 143 -2 129 179 117 112 138 143 
122 107 131 199 169 129 -2 157 131 138 148 185 
123 139 185 128 185 179 157 -2 154 173 197 191 
151 151 114 120 181 117 131 154 -2 113 105 177 
108 138 121 196 149 112 138 173 113 -2 124 189 
193 133 162 132 207 138 148 197 105 124 -2 121 
185 155 161 139 132 143 185 191 177 189 121 -2 

10 792 12.59825611114502
-2 126 82 87 116 86 116 121 106 99 
126 -2 128 128 101 86 108 108 99 76 
82 128 -2 96 75 94 77 79 119 101 
87 128 96 -2 127 82 129 128 123 91 
116 101 75 127 -2 65 97 67 83 113 
86 86 94 82 65 -2 115 76 105 72 
116 108 77 129 97 115 -2 67 107 91 
121 108 79 128 67 76 67 -2 96 86 
106 99 119 123 83 105 107 96 -2 114 
99 76 101 91 113 72 91 86 114 -2 

9 1029 1.3008315563201904
-2 124 132 137 115 111 161 165 156 
124 -2 175 124 118 140 164 163 179 
132 175 -2 119 165 143 162 149 109 
137 124 119 -2 97 155 111 176 104 
115 118 165 97 -2 162 157 93 140 
111 140 143 155 162 -2 110 129 155 
161 164 162 111 157 110 -2 152 112 
165 163 149 176 93 129 152 -2 178 
156 179 109 104 140 155 112 178 -2 

11 1093 139.26694464683533
-2 118 108 136 117 126 88 166 158 118 148 
118 -2 122 122 135 106 127 136 100 94 158 
108 122 -2 86 105 143 166 154 156 130 143 
136 122 86 -2 101 150 161 143 131 158 149 
117 135 105 101 -2 105 107 150 127 111 161 
126 106 143 150 105 -2 164 161 161 130 107 
88 127 166 161 107 164 -2 102 166 106 96 
166 136 154 143 150 161 102 -2 107 85 100 
158 100 156 131 127 161 166 107 -2 118 119 
118 94 130 158 111 130 106 85 118 -2 129 
148 158 143 149 161 107 96 100 119 129 -2 

10 777 12.767367601394653
-2 68 128 71 119 94 65 108 93 90 
68 -2 98 120 91 127 109 80 65 114 
128 98 -2 109 89 103 108 125 114 95 
71 120 109 -2 81 124 113 79 124 96 
119 91 89 81 -2 91 84 67 125 68 
94 127 103 124 91 -2 96 88 73 125 
65 109 108 113 84 96 -2 124 78 120 
108 80 125 79 67 88 124 -2 92 76 
93 65 114 124 125 73 78 92 -2 91 
90 114 95 96 68 125 120 76 91 -2 

12 1546 1610.2294254302979
-2 209 138 179 133 166 121 172 196 195 187 119 
209 -2 116 133 146 148 178 203 144 156 129 189 
138 116 -2 131 111 126 193 117 183 210 192 146 
179 133 131 -2 142 179 195 199 174 172 195 161 
133 146 111 142 -2 149 135 202 182 139 200 154 
166 148 126 179 149 -2 188 174 197 213 121 156 
121 178 193 195 135 188 -2 139 136 132 173 153 
172 203 117 199 202 174 139 -2 153 133 199 142 
196 144 183 174 182 197 136 153 -2 172 208 212 
195 156 210 172 139 213 132 133 172 -2 208 110 
187 129 192 195 200 121 173 199 208 208 -2 156 
119 189 146 161 154 156 153 142 212 110 156 -2 

8 1183 0.14407610893249512
-2 133 181 228 227 129 174 149 
133 -2 161 213 187 165 136 190 
181 161 -2 229 147 180 139 230 
228 213 229 -2 182 146 138 249 
227 187 147 182 -2 248 161 177 
129 165 180 146 248 -2 191 239 
174 136 139 138 161 191 -2 199 
149 190 230 249 177 239 199 -2 

12 1771 1612.3623373508453
-2 186 160 231 236 202 187 125 197 142 240 169 
186 -2 197 219 200 216 184 235 171 139 168 177 
160 197 -2 140 182 135 172 204 125 236 199 150 
231 219 140 -2 231 128 158 154 167 133 216 138 
236 200 182 231 -2 180 173 245 227 189 229 197 
202 216 135 128 180 -2 227 159 136 151 207 213 
187 184 172 158 173 227 -2 175 141 144 182 142 
125 235 204 154 245 159 175 -2 246 129 160 185 
197 171 125 167 227 136 141 246 -2 178 242 140 
142 139 236 133 189 151 144 129 178 -2 169 218 
240 168 199 216 229 207 182 160 242 169 -2 209 
169 177 150 138 197 213 142 185 140 218 209 -2 

12 1141 1652.1533012390137
-2 83 107 111 90 94 118 150 119 115 120 121 
83 -2 104 138 100 155 152 158 95 92 112 90 
107 104 -2 128 142 143 154 131 141 123 93 138 
111 138 128 -2 142 85 102 111 158 96 109 120 
90 100 142 142 -2 108 113 81 122 116 115 103 
94 155 143 85 108 -2 103 108 88 124 132 121 
118 152 154 102 113 103 -2 153 107 156 138 144 
150 158 131 111 81 108 153 -2 154 154 95 145 
119 95 141 158 122 88 107 154 -2 133 153 98 
115 92 123 96 116 124 156 154 133 -2 144 145 
120 112 93 109 115 132 138 95 153 144 -2 133 
121 90 138 120 103 121 144 145 98 145 133 -2 

12 1087 1616.1666865348816
-2 106 124 90 91 106 143 83 105 87 134 110 
106 -2 111 89 132 111 96 125 113 142 126 117 
124 111 -2 115 108 135 121 108 86 135 146 143 
90 89 115 -2 78 106 138 107 114 100 101 81 
91 132 108 78 -2 140 78 120 137 133 147 136 
106 111 135 106 140 -2 144 126 133 139 88 113 
143 96 121 138 78 144 -2 135 94 143 145 118 
83 125 108 107 120 126 135 -2 116 117 132 86 
105 113 86 114 137 133 94 116 -2 148 102 76 
87 142 135 100 133 139 143 117 148 -2 120 147 
134 126 146 101 147 88 145 132 102 120 -2 96 
110 117 143 81 136 113 118 86 76 147 96 -2 

11 1129 135.67675614356995
-2 145 157 106 154 181 104 115 133 115 138 
145 -2 154 177 113 102 174 100 118 95 167 
157 154 -2 167 98 95 178 93 127 144 131 
106 177 167 -2 93 111 121 179 146 93 182 
154 113 98 93 -2 102 180 156 137 122 168 
181 102 95 111 102 -2 117 113 93 112 122 
104 174 178 121 180 117 -2 95 118 154 128 
115 100 93 179 156 113 95 -2 127 164 176 
133 118 127 146 137 93 118 127 -2 105 125 
115 95 144 93 122 112 154 164 105 -2 126 
138 167 131 182 168 122 128 176 125 126 -2 

10 1308 13.029498100280762
-2 172 127 171 147 165 141 203 157 195 
172 -2 136 207 109 192 211 147 171 168 
127 136 -2 189 208 178 107 192 116 173 
171 207 189 -2 163 180 165 202 138 123 
147 109 208 163 -2 181 166 120 117 206 
165 192 178 180 181 -2 181 153 146 149 
141 211 107 165 166 181 -2 162 119 122 
203 147 192 202 120 153 162 -2 123 133 
157 171 116 138 117 146 119 123 -2 114 
195 168 173 123 206 149 122 133 114 -2 

9 774 1.3085689544677734
-2 79 128 119 87 116 116 114 114 
79 -2 79 88 114 140 114 122 145 
128 79 -2 98 119 114 126 110 105 
119 88 98 -2 116 82 145 74 139 
87 114 119 116 -2 118 140 101 114 
116 140 114 82 118 -2 81 142 141 
116 114 126 145 140 81 -2 96 86 
114 122 110 74 101 142 96 -2 121 
114 145 105 139 114 141 86 121 -2 

7 832 0.018619298934936523
-2 163 118 187 117 103 139 
163 -2 170 108 150 158 108 
118 170 -2 138 142 192 128 
187 108 138 -2 180 181 105 
117 150 142 180 -2 167 120 
103 158 192 181 167 -2 116 
139 108 128 105 120 116 -2 

7 898 0.019031286239624023
-2 177 171 142 179 116 183 
177 -2 198 172 166 188 112 
171 198 -2 191 120 115 106 
142 172 191 -2 198 171 177 
179 166 120 198 -2 130 121 
116 188 115 171 130 -2 192 
183 112 106 177 121 192 -2 

11 1238 134.81182837486267
-2 190 160 146 134 120 151 102 133 128 111 
190 -2 156 103 97 175 150 131 155 144 111 
160 156 -2 180 162 128 171 174 120 180 161 
146 103 180 -2 167 185 143 157 182 99 170 
134 97 162 167 -2 112 146 152 184 142 133 
120 175 128 185 112 -2 120 177 160 170 117 
151 150 171 143 146 120 -2 157 145 124 157 
102 131 174 157 152 177 157 -2 101 167 176 
133 155 120 182 184 160 145 101 -2 126 173 
128 144 180 99 142 170 124 167 126 -2 139 
111 111 161 170 133 117 157 176 173 139 -2 

8 998 0.14560317993164062
-2 130 114 178 108 146 177 110 
130 -2 179 129 117 129 182 177 
114 179 -2 158 135 190 174 170 
178 129 158 -2 172 117 136 142 
108 117 135 172 -2 126 141 144 
146 129 190 117 126 -2 153 113 
177 182 174 136 141 153 -2 140 
110 177 170 142 144 113 140 -2 

11 1445 138.6192672252655
-2 183 135 155 173 228 126 158 191 188 221 
183 -2 160 155 150 167 218 206 161 218 177 
135 160 -2 165 183 223 197 150 228 115 184 
155 155 165 -2 146 197 149 195 169 117 125 
173 150 183 146 -2 147 217 206 171 166 131 
228 167 223 197 147 -2 129 212 116 178 178 
126 218 197 149 217 129 -2 125 165 148 186 
158 206 150 195 206 212 125 -2 138 150 216 
191 161 228 169 171 116 165 138 -2 221 119 
188 218 115 117 166 178 148 150 221 -2 135 
221 177 184 125 131 178 186 216 119 135 -2 

12 1382 1599.6099925041199
-2 166 178 106 166 106 103 102 109 151 108 154 
166 -2 127 167 136 144 124 136 115 118 137 190 
178 127 -2 122 178 147 186 157 123 180 127 145 
106 167 122 -2 163 140 135 133 104 127 147 186 
166 136 178 163 -2 157 155 138 127 189 111 166 
106 144 147 140 157 -2 185 125 107 122 152 130 
103 124 186 135 155 185 -2 191 108 167 127 155 
102 136 157 133 138 125 191 -2 100 100 162 175 
109 115 123 104 127 107 108 100 -2 129 124 101 
151 118 180 127 189 122 167 100 129 -2 159 179 
108 137 127 147 111 152 127 162 124 159 -2 166 
154 190 145 186 166 130 155 175 101 179 166 -2 

11 1639 137.48858046531677
-2 250 144 237 165 180 146 185 226 192 239 
250 -2 152 194 201 205 136 219 249 241 227 
144 152 -2 238 147 243 221 222 206 201 207 
237 194 238 -2 142 165 165 247 169 173 193 
165 201 147 142 -2 183 252 150 209 250 221 
180 205 243 165 183 -2 169 223 150 169 184 
146 136 221 165 252 169 -2 130 175 184 235 
185 219 222 247 150 223 130 -2 163 159 135 
226 249 206 169 209 150 175 163 -2 176 245 
192 241 201 173 250 169 184 159 176 -2 147 
239 227 207 193 221 184 235 135 245 147 -2 

9 1191 1.2918555736541748
-2 121 129 154 155 177 191 144 129 
121 -2 191 202 129 131 122 130 196 
129 191 -2 148 186 194 182 169 211 
154 202 148 -2 147 182 192 163 196 
155 129 186 147 -2 202 176 180 141 
177 131 194 182 202 -2 147 109 166 
191 122 182 192 176 147 -2 173 153 
144 130 169 163 180 109 173 -2 131 
129 196 211 196 141 166 153 131 -2 

9 1424 1.2804737091064453
-2 226 183 191 145 169 145 221 225 
226 -2 249 167 158 233 190 241 220 
183 249 -2 208 216 247 227 250 128 
191 167 208 -2 136 202 247 185 221 
145 158 216 136 -2 207 150 201 201 
169 233 247 202 207 -2 162 155 212 
145 190 227 247 150 162 -2 204 141 
221 241 250 185 201 155 204 -2 225 
225 220 128 221 201 212 141 225 -2 

7 1052 0.018588781356811523
-2 147 206 146 135 190 189 
147 -2 164 223 152 148 136 
206 164 -2 218 117 210 222 
146 223 218 -2 171 208 214 
135 152 117 171 -2 137 184 
190 148 210 208 137 -2 151 
189 136 222 214 184 151 -2 

8 965 0.14303040504455566
-2 160 109 110 205 108 146 122 
160 -2 185 137 125 176 140 160 
109 185 -2 179 162 121 194 141 
110 137 179 -2 164 130 185 134 
205 125 162 164 -2 166 116 180 
108 176 121 130 166 -2 205 135 
146 140 194 185 116 205 -2 112 
122 160 141 134 180 135 112 -2 

11 1246 135.92521047592163
-2 116 135 161 152 174 101 104 115 115 104 
116 -2 129 185 188 110 111 110 151 115 178 
135 129 -2 182 142 178 103 151 133 110 164 
161 185 182 -2 165 162 146 110 175 133 132 
152 188 142 165 -2 124 189 160 125 148 115 
174 110 178 162 124 -2 103 158 160 190 157 
101 111 103 146 189 103 -2 112 131 110 190 
104 110 151 110 160 158 112 -2 182 120 106 
115 151 133 175 125 160 131 182 -2 168 187 
115 115 110 133 148 190 110 120 168 -2 115 
104 178 164 132 115 157 190 106 187 115 -2 

8 1311 0.143934965133667
-2 187 215 205 152 145 185 180 
187 -2 201 183 230 205 191 176 
215 201 -2 172 228 211 238 235 
205 183 172 -2 178 179 136 162 
152 230 228 178 -2 203 245 201 
145 205 211 179 203 -2 128 202 
185 191 238 136 245 128 -2 186 
180 176 235 162 201 202 186 -2 

7 874 0.018619775772094727
-2 207 172 122 115 133 181 
207 -2 170 117 106 176 148 
172 170 -2 143 206 113 196 
122 117 143 -2 182 133 145 
115 106 206 182 -2 207 105 
133 176 113 133 207 -2 166 
181 148 196 145 105 166 -2 

11 1094 138.89855480194092
-2 104 156 158 141 92 90 140 154 127 135 
104 -2 166 170 105 94 96 144 129 123 164 
156 166 -2 96 140 96 110 138 167 124 91 
158 170 96 -2 101 171 160 161 152 100 163 
141 105 140 101 -2 99 134 114 93 97 102 
92 94 96 171 99 -2 141 154 101 148 118 
90 96 110 160 134 141 -2 110 105 132 163 
140 144 138 161 114 154 110 -2 131 156 151 
154 129 167 152 93 101 105 131 -2 160 97 
127 123 124 100 97 148 132 156 160 -2 110 
135 164 91 163 102 118 163 151 97 110 -2 

12 1601 1635.6861591339111
-2 145 154 140 216 203 133 188 115 191 193 190 
145 -2 213 204 140 126 156 150 194 126 141 173 
154 213 -2 176 201 144 207 210 171 137 166 158 
140 204 176 -2 180 136 223 142 142 136 194 115 
216 140 201 180 -2 198 190 138 174 216 209 185 
203 126 144 136 198 -2 216 113 199 210 219 153 
133 156 207 223 190 216 -2 203 155 153 205 128 
188 150 210 142 138 113 203 -2 138 200 210 128 
115 194 171 142 174 199 155 138 -2 200 161 125 
191 126 137 136 216 210 153 200 200 -2 197 169 
193 141 166 194 209 219 205 210 161 197 -2 148 
190 173 158 115 185 153 128 128 125 169 148 -2 

11 1057 138.15034747123718
-2 102 107 95 108 136 129 124 111 106 113 
102 -2 143 117 149 103 144 106 105 118 85 
107 143 -2 81 125 137 147 143 131 144 119 
95 117 81 -2 76 80 135 83 102 97 104 
108 149 125 76 -2 128 125 89 129 99 126 
136 103 137 80 128 -2 96 100 135 94 129 
129 144 147 135 125 96 -2 130 136 103 114 
124 106 143 83 89 100 130 -2 132 108 101 
111 105 131 102 129 135 136 132 -2 111 114 
106 118 144 97 99 94 103 108 111 -2 119 
113 85 119 104 126 129 114 101 114 119 -2 

9 965 1.2562458515167236
-2 112 171 148 137 150 135 99 97 
112 -2 144 130 148 144 140 100 112 
171 144 -2 117 129 135 99 173 99 
148 130 117 -2 119 173 89 90 139 
137 148 129 119 -2 128 150 108 162 
150 144 135 173 128 -2 172 173 121 
135 140 99 89 150 172 -2 124 139 
99 100 173 90 108 173 124 -2 112 
97 112 99 139 162 121 139 112 -2 

11 874 134.97757720947266
-2 123 120 104 72 79 122 91 68 111 131 
123 -2 70 87 112 116 97 74 100 91 86 
120 70 -2 88 79 97 73 135 111 133 94 
104 87 88 -2 110 134 104 103 99 120 89 
72 112 79 110 -2 88 78 106 114 99 102 
79 116 97 134 88 -2 122 83 86 80 100 
122 97 73 104 78 122 -2 110 107 73 129 
91 74 135 103 106 83 110 -2 130 80 95 
68 100 111 99 114 86 107 130 -2 96 131 
111 91 133 120 99 80 73 80 96 -2 124 
131 86 94 89 102 100 129 95 131 124 -2 

9 1257 1.2837116718292236
-2 182 158 205 166 164 140 175 170 
182 -2 212 128 190 177 141 173 173 
158 212 -2 166 163 172 158 172 173 
205 128 166 -2 119 161 190 149 172 
166 190 163 119 -2 109 198 162 146 
164 177 172 161 109 -2 177 167 140 
140 141 158 190 198 177 -2 129 136 
175 173 172 149 162 167 129 -2 150 
170 173 173 172 146 140 136 150 -2 

7 1019 0.018617630004882812
-2 151 154 208 178 183 120 
151 -2 189 131 139 200 130 
154 189 -2 155 188 187 164 
208 131 155 -2 164 204 115 
178 139 188 164 -2 173 194 
183 200 187 204 173 -2 163 
120 130 164 115 194 163 -2 

11 1593 136.95415472984314
-2 179 155 216 209 152 152 156 183 206 210 
179 -2 161 229 216 229 192 139 162 132 223 
155 161 -2 206 164 134 132 157 172 231 171 
216 229 206 -2 172 189 143 192 238 229 251 
209 216 164 172 -2 233 126 144 133 199 144 
152 229 134 189 233 -2 148 191 168 229 133 
152 192 132 143 126 148 -2 165 242 222 223 
156 139 157 192 144 191 165 -2 175 196 198 
183 162 172 238 133 168 242 175 -2 138 167 
206 132 231 229 199 229 222 196 138 -2 242 
210 223 171 251 144 133 223 198 167 242 -2 

7 930 0.01857924461364746
-2 159 148 157 138 195 165 
159 -2 190 128 166 172 135 
148 190 -2 139 197 108 126 
157 128 139 -2 177 155 179 
138 166 197 177 -2 141 118 
195 172 108 155 141 -2 168 
165 135 126 179 118 168 -2 

12 1384 1626.9049694538116
-2 139 138 155 157 143 136 150 190 167 180 114 
139 -2 138 160 181 156 115 98 174 156 158 124 
138 138 -2 110 146 101 110 160 152 109 173 175 
155 160 110 -2 108 146 182 155 100 137 148 190 
157 181 146 108 -2 155 115 175 186 159 131 98 
143 156 101 146 155 -2 171 136 113 187 138 129 
136 115 110 182 115 171 -2 138 163 188 191 111 
150 98 160 155 175 136 138 -2 192 184 181 98 
190 174 152 100 186 113 163 192 -2 121 142 153 
167 156 109 137 159 187 188 184 121 -2 184 104 
180 158 173 148 131 138 191 181 142 184 -2 176 
114 124 175 190 98 129 111 98 153 104 176 -2 

10 1481 12.343196392059326
-2 214 211 209 199 176 138 166 230 220 
214 -2 153 163 171 237 179 206 126 240 
211 153 -2 132 234 181 225 236 144 206 
209 163 132 -2 208 169 177 128 147 145 
199 171 234 208 -2 213 204 151 155 192 
176 237 181 169 213 -2 230 228 181 151 
138 179 225 177 204 230 -2 154 234 224 
166 206 236 128 151 228 154 -2 183 231 
230 126 144 147 155 181 234 183 -2 169 
220 240 206 145 192 151 224 231 169 -2 

7 935 0.01900172233581543
-2 160 159 144 152 161 151 
160 -2 179 165 190 146 111 
159 179 -2 193 158 189 175 
144 165 193 -2 110 105 194 
152 190 158 110 -2 169 112 
161 146 189 105 169 -2 177 
151 111 175 194 112 177 -2 

12 1217 1634.883267879486
-2 128 97 93 170 89 137 170 109 97 166 126 
128 -2 131 103 107 157 95 128 129 91 124 119 
97 131 -2 147 95 108 156 170 159 137 146 108 
93 103 147 -2 123 129 107 153 168 111 95 141 
170 107 95 123 -2 89 129 124 131 88 141 140 
89 157 108 129 89 -2 169 135 121 93 125 149 
137 95 156 107 129 169 -2 168 137 103 170 138 
170 128 170 153 124 135 168 -2 148 121 137 122 
109 129 159 168 131 121 137 148 -2 127 165 87 
97 91 137 111 88 93 103 121 127 -2 167 168 
166 124 146 95 141 125 170 137 165 167 -2 146 
126 119 108 141 140 149 138 122 87 168 146 -2 

10 1468 12.983182430267334
-2 167 129 189 233 179 180 166 231 204 
167 -2 212 239 158 251 245 235 205 160 
129 212 -2 134 235 160 214 134 175 219 
189 239 134 -2 223 129 221 248 201 172 
233 158 235 223 -2 136 158 189 209 141 
179 251 160 129 136 -2 238 144 205 203 
180 245 214 221 158 238 -2 143 128 182 
166 235 134 248 189 144 143 -2 194 183 
231 205 175 201 209 205 128 194 -2 242 
204 160 219 172 141 203 182 183 242 -2 

8 882 0.14750003814697266
-2 182 130 161 122 109 134 156 
182 -2 132 129 173 109 104 104 
130 132 -2 165 136 165 135 146 
161 129 165 -2 98 168 100 126 
122 173 136 98 -2 105 181 136 
109 109 165 168 105 -2 94 124 
134 104 135 100 181 94 -2 104 
156 104 146 126 136 124 104 -2 

7 885 0.01890873908996582
-2 132 117 200 124 114 124 
132 -2 172 133 154 106 125 
117 172 -2 181 169 123 203 
200 133 181 -2 133 141 159 
124 154 169 133 -2 153 149 
114 106 123 141 153 -2 150 
124 125 203 159 149 150 -2 

8 709 0.14428019523620605
-2 124 132 122 116 109 129 100 
124 -2 89 107 96 74 143 84 
132 89 -2 134 89 87 126 133 
122 107 134 -2 144 116 88 78 
116 96 89 144 -2 131 108 104 
109 74 87 116 131 -2 75 123 
129 143 126 88 108 75 -2 124 
100 84 133 78 104 123 124 -2 

10 815 12.675625085830688
-2 76 89 84 94 91 104 89 123 84 
76 -2 80 80 115 83 96 122 83 134 
89 80 -2 132 88 76 101 104 107 128 
84 80 132 -2 81 72 109 111 136 81 
94 115 88 81 -2 120 105 93 77 98 
91 83 76 72 120 -2 104 128 117 116 
104 96 101 109 105 104 -2 74 133 99 
89 122 104 111 93 128 74 -2 101 114 
123 83 107 136 77 117 133 101 -2 118 
84 134 128 81 98 116 99 114 118 -2 

7 731 0.019307374954223633
-2 151 109 118 164 128 156 
151 -2 150 96 147 93 102 
109 150 -2 120 165 102 137 
118 96 120 -2 114 165 151 
164 147 165 114 -2 123 93 
128 93 102 165 123 -2 162 
156 102 137 151 93 162 -2 

8 1011 0.14411330223083496
-2 182 178 182 118 205 122 134 
182 -2 189 152 139 157 173 152 
178 189 -2 115 206 115 215 117 
182 152 115 -2 218 177 212 172 
118 139 206 218 -2 132 213 174 
205 157 115 177 132 -2 173 122 
122 173 215 212 213 173 -2 128 
134 152 117 172 174 122 128 -2 

7 935 0.018882036209106445
-2 189 118 222 188 221 132 
189 -2 122 149 143 121 112 
118 122 -2 155 164 222 208 
222 149 155 -2 205 167 207 
188 143 164 205 -2 146 114 
221 121 222 167 146 -2 122 
132 112 208 207 114 122 -2 

11 1503 135.85990715026855
-2 219 140 204 155 183 233 154 184 127 168 
219 -2 132 210 132 242 178 196 152 148 136 
140 132 -2 156 140 212 128 160 127 204 238 
204 210 156 -2 159 130 196 145 221 137 206 
155 132 140 159 -2 141 168 164 235 134 201 
183 242 212 130 141 -2 213 130 198 236 148 
233 178 128 196 168 213 -2 210 187 231 157 
154 196 160 145 164 130 210 -2 148 137 128 
184 152 127 221 235 198 187 148 -2 141 131 
127 148 204 137 134 236 231 137 141 -2 196 
168 136 238 206 201 148 157 128 131 196 -2 

10 957 12.649653911590576
-2 96 101 164 96 140 99 107 120 157 
96 -2 147 100 113 103 106 131 115 147 
101 147 -2 98 106 131 97 106 126 121 
164 100 98 -2 131 116 145 149 85 137 
96 113 106 131 -2 87 111 114 156 84 
140 103 131 116 87 -2 114 93 113 149 
99 106 97 145 111 114 -2 119 115 122 
107 131 106 149 114 93 119 -2 143 102 
120 115 126 85 156 113 115 143 -2 110 
157 147 121 137 84 149 122 102 110 -2 

11 1159 134.60799646377563
-2 134 154 158 140 155 125 179 175 99 121 
134 -2 123 133 138 176 103 145 133 155 160 
154 123 -2 126 110 120 128 151 163 130 157 
158 133 126 -2 115 98 115 92 102 164 104 
140 138 110 115 -2 126 172 91 153 156 93 
155 176 120 98 126 -2 99 100 175 145 144 
125 103 128 115 172 99 -2 145 104 168 179 
179 145 151 92 91 100 145 -2 102 109 146 
175 133 163 102 153 175 104 102 -2 156 121 
99 155 130 164 156 145 168 109 156 -2 175 
121 160 157 104 93 144 179 146 121 175 -2 

8 969 0.14245295524597168
